fract1 800 800 -0.52 0.57
fract2 800 800 -0.52 0.57
fract3 700 700 -0.52 0.57
fract4 800 800 -0.52 0.57
fract5 800 800 -0.2 0.57
fract6 700 800 -0.52 0.57
fract7 800 800 -0.52 0.57
fract8 800 800 -0.52 0.57
fract9 800 800 -0.52 0.57
fract10 800 800 -0.52 0.57
fract11 800 800 -0.52 0.57
fract12 800 800 -0.52 0.57
fract21 800 800 -0.52 0.57
fract22 800 800 -0.52 0.57
fract23 700 700 -0.52 0.57
fract24 800 800 -0.52 0.57
fract25 800 800 -0.2 0.57
fract26 700 800 -0.52 0.57
fract27 800 800 -0.52 0.57
fract28 800 800 -0.52 0.57
fract29 800 800 -0.52 0.57
fract130 800 800 -0.52 0.57
fract131 800 800 -0.52 0.57
fract132 800 800 -0.52 0.57

